{"0": [{"cam_R_m2c": [-0.9619458792750532, -0.273113711798344, 0.008308175098366967, 0.04049836027598315, -0.17257949602104847, -0.9841626899898596, 0.2702221459479015, -0.9463747767036338, 0.17707279254153355], "cam_t_m2c": [-108.5048434200153, -91.44911279012979, 1824.9036275935077], "obj_id": 18}, {"cam_R_m2c": [-0.5031797700016318, -0.31559739285927746, -0.8044926380530282, 0.8641155051927468, -0.17221852522901673, -0.47291137991533394, 0.01070106287166757, -0.9331340017319968, 0.3593694784828632], "cam_t_m2c": [-80.1478245251519, 2.7441548326720118, 1799.4637555561985], "obj_id": 18}, {"cam_R_m2c": [0.21319282500904713, -0.3081683192635365, -0.9271359697298656, 0.9467170791950662, -0.16931049220128083, 0.2739721321428917, -0.24140337885999733, -0.936144350104645, 0.2556524289775621], "cam_t_m2c": [-88.58944983720014, -288.25223104994956, 1850.8326790702179], "obj_id": 18}, {"cam_R_m2c": [0.28511271687005646, -0.2918977009015, 0.9129657555940326, -0.9550589744763984, -0.1670840787616214, 0.24483722326572271, 0.08107461964796568, -0.9417423441859241, -0.3264173145164589], "cam_t_m2c": [40.92182705303499, 113.24181698090158, 1740.5043714417939], "obj_id": 18}, {"cam_R_m2c": [-0.9603780685340088, -0.2779598502964535, -0.0203048541499064, 0.07126089050424415, -0.1744726973594603, -0.9820800188175377, 0.26943617233663364, -0.9446150536061174, 0.18736741855854894], "cam_t_m2c": [-64.84017633421094, 172.6190159307451, 1760.954267625347], "obj_id": 18}, {"cam_R_m2c": [-0.7657506733406702, 0.549378368826475, -0.33437899776131413, 0.1311317170708189, -0.37562616728706644, -0.917447249288637, -0.6296271746489073, -0.7463835410261821, 0.2155950616986639], "cam_t_m2c": [-229.20073199034763, -65.35973393665304, 1803.7840433256501], "obj_id": 18}], "1": [{"cam_R_m2c": [-0.8606931060119517, -0.3742759199693158, -0.3451447710665927, 0.24511117616133365, 0.28956439149668645, -0.9252421166905235, 0.44623748003086255, -0.8809483520095122, -0.1574868645552028], "cam_t_m2c": [-200.90496123894454, 26.00092260742198, 1845.670121161504], "obj_id": 18}, {"cam_R_m2c": [-0.14673069600964417, -0.4127361578777738, -0.8989543741641219, 0.9105753871419968, 0.2986611814897046, -0.2857515756778524, 0.38642278294599347, -0.8604942548625566, 0.3320046237160048], "cam_t_m2c": [-141.35276648597295, 108.3078753350055, 1847.3377266731684], "obj_id": 18}, {"cam_R_m2c": [0.5328153329292001, -0.4049551241133311, -0.7430472181832668, 0.8451055554754442, 0.29991522208763854, 0.44254656214308363, 0.043639673464459336, -0.8637489259121995, 0.502029254013584], "cam_t_m2c": [-253.57045251752498, -161.38455938055236, 1801.9273144688677], "obj_id": 18}, {"cam_R_m2c": [-0.08352361829529482, -0.3893837733407207, 0.917280808828896, -0.953514229899792, 0.29868566681114667, 0.0399685603967237, -0.28954173890040213, -0.8713019852499606, -0.3962302763974602], "cam_t_m2c": [8.165932182659263, 187.36069161326995, 1805.641038128976], "obj_id": 18}, {"cam_R_m2c": [-0.847922728540391, -0.37936260076880796, -0.37028511118128116, 0.27167765814714756, 0.28882544582778974, -0.9180256597209356, 0.4552123641645599, -0.879013014113161, -0.14183731713271647], "cam_t_m2c": [-66.73415153736887, 265.5651630434032, 1863.9804714189686], "obj_id": 18}, {"cam_R_m2c": [-0.699732461101572, 0.32550822533626117, -0.6359393667002886, 0.5951451243564733, -0.22681928169064944, -0.7709444171975403, -0.39519205942864016, -0.9179310478961756, -0.03501181904411881], "cam_t_m2c": [-304.4655413584374, 95.49269215234365, 1857.514539983001], "obj_id": 18}], "2": [{"cam_R_m2c": [-0.9619458792750532, -0.273113711798344, 0.008308175098366967, 0.04049836027598315, -0.17257949602104847, -0.9841626899898596, 0.2702221459479015, -0.9463747767036338, 0.17707279254153355], "cam_t_m2c": [-108.5048434200153, -91.44911279012979, 1824.9036275935077], "obj_id": 18}, {"cam_R_m2c": [-0.5031797700016318, -0.31559739285927746, -0.8044926380530282, 0.8641155051927468, -0.17221852522901673, -0.47291137991533394, 0.01070106287166757, -0.9331340017319968, 0.3593694784828632], "cam_t_m2c": [-80.1478245251519, 2.7441548326720118, 1799.4637555561985], "obj_id": 18}, {"cam_R_m2c": [0.21319282500904713, -0.3081683192635365, -0.9271359697298656, 0.9467170791950662, -0.16931049220128083, 0.2739721321428917, -0.24140337885999733, -0.936144350104645, 0.2556524289775621], "cam_t_m2c": [-88.58944983720014, -288.25223104994956, 1850.8326790702179], "obj_id": 18}, {"cam_R_m2c": [0.28511271687005646, -0.2918977009015, 0.9129657555940326, -0.9550589744763984, -0.1670840787616214, 0.24483722326572271, 0.08107461964796568, -0.9417423441859241, -0.3264173145164589], "cam_t_m2c": [40.92182705303499, 113.24181698090158, 1740.5043714417939], "obj_id": 18}, {"cam_R_m2c": [-0.9603780685340088, -0.2779598502964535, -0.0203048541499064, 0.07126089050424415, -0.1744726973594603, -0.9820800188175377, 0.26943617233663364, -0.9446150536061174, 0.18736741855854894], "cam_t_m2c": [-64.84017633421094, 172.6190159307451, 1760.954267625347], "obj_id": 18}, {"cam_R_m2c": [-0.7657506733406702, 0.549378368826475, -0.33437899776131413, 0.1311317170708189, -0.37562616728706644, -0.917447249288637, -0.6296271746489073, -0.7463835410261821, 0.2155950616986639], "cam_t_m2c": [-229.20073199034763, -65.35973393665304, 1803.7840433256501], "obj_id": 18}], "3": [{"cam_R_m2c": [-0.8606931060119517, -0.3742759199693158, -0.3451447710665927, 0.24511117616133365, 0.28956439149668645, -0.9252421166905235, 0.44623748003086255, -0.8809483520095122, -0.1574868645552028], "cam_t_m2c": [-200.90496123894454, 26.00092260742198, 1845.670121161504], "obj_id": 18}, {"cam_R_m2c": [-0.14673069600964417, -0.4127361578777738, -0.8989543741641219, 0.9105753871419968, 0.2986611814897046, -0.2857515756778524, 0.38642278294599347, -0.8604942548625566, 0.3320046237160048], "cam_t_m2c": [-141.35276648597295, 108.3078753350055, 1847.3377266731684], "obj_id": 18}, {"cam_R_m2c": [0.5328153329292001, -0.4049551241133311, -0.7430472181832668, 0.8451055554754442, 0.29991522208763854, 0.44254656214308363, 0.043639673464459336, -0.8637489259121995, 0.502029254013584], "cam_t_m2c": [-253.57045251752498, -161.38455938055236, 1801.9273144688677], "obj_id": 18}, {"cam_R_m2c": [-0.08352361829529482, -0.3893837733407207, 0.917280808828896, -0.953514229899792, 0.29868566681114667, 0.0399685603967237, -0.28954173890040213, -0.8713019852499606, -0.3962302763974602], "cam_t_m2c": [8.165932182659263, 187.36069161326995, 1805.641038128976], "obj_id": 18}, {"cam_R_m2c": [-0.847922728540391, -0.37936260076880796, -0.37028511118128116, 0.27167765814714756, 0.28882544582778974, -0.9180256597209356, 0.4552123641645599, -0.879013014113161, -0.14183731713271647], "cam_t_m2c": [-66.73415153736887, 265.5651630434032, 1863.9804714189686], "obj_id": 18}, {"cam_R_m2c": [-0.699732461101572, 0.32550822533626117, -0.6359393667002886, 0.5951451243564733, -0.22681928169064944, -0.7709444171975403, -0.39519205942864016, -0.9179310478961756, -0.03501181904411881], "cam_t_m2c": [-304.4655413584374, 95.49269215234365, 1857.514539983001], "obj_id": 18}], "4": [{"cam_R_m2c": [-0.9619458792750532, -0.273113711798344, 0.008308175098366967, 0.04049836027598315, -0.17257949602104847, -0.9841626899898596, 0.2702221459479015, -0.9463747767036338, 0.17707279254153355], "cam_t_m2c": [-108.5048434200153, -91.44911279012979, 1824.9036275935077], "obj_id": 18}, {"cam_R_m2c": [-0.5031797700016318, -0.31559739285927746, -0.8044926380530282, 0.8641155051927468, -0.17221852522901673, -0.47291137991533394, 0.01070106287166757, -0.9331340017319968, 0.3593694784828632], "cam_t_m2c": [-80.1478245251519, 2.7441548326720118, 1799.4637555561985], "obj_id": 18}, {"cam_R_m2c": [0.21319282500904713, -0.3081683192635365, -0.9271359697298656, 0.9467170791950662, -0.16931049220128083, 0.2739721321428917, -0.24140337885999733, -0.936144350104645, 0.2556524289775621], "cam_t_m2c": [-88.58944983720014, -288.25223104994956, 1850.8326790702179], "obj_id": 18}, {"cam_R_m2c": [0.28511271687005646, -0.2918977009015, 0.9129657555940326, -0.9550589744763984, -0.1670840787616214, 0.24483722326572271, 0.08107461964796568, -0.9417423441859241, -0.3264173145164589], "cam_t_m2c": [40.92182705303499, 113.24181698090158, 1740.5043714417939], "obj_id": 18}, {"cam_R_m2c": [-0.9603780685340088, -0.2779598502964535, -0.0203048541499064, 0.07126089050424415, -0.1744726973594603, -0.9820800188175377, 0.26943617233663364, -0.9446150536061174, 0.18736741855854894], "cam_t_m2c": [-64.84017633421094, 172.6190159307451, 1760.954267625347], "obj_id": 18}, {"cam_R_m2c": [-0.7657506733406702, 0.549378368826475, -0.33437899776131413, 0.1311317170708189, -0.37562616728706644, -0.917447249288637, -0.6296271746489073, -0.7463835410261821, 0.2155950616986639], "cam_t_m2c": [-229.20073199034763, -65.35973393665304, 1803.7840433256501], "obj_id": 18}], "5": [{"cam_R_m2c": [-0.8606931060119517, -0.3742759199693158, -0.3451447710665927, 0.24511117616133365, 0.28956439149668645, -0.9252421166905235, 0.44623748003086255, -0.8809483520095122, -0.1574868645552028], "cam_t_m2c": [-200.90496123894454, 26.00092260742198, 1845.670121161504], "obj_id": 18}, {"cam_R_m2c": [-0.14673069600964417, -0.4127361578777738, -0.8989543741641219, 0.9105753871419968, 0.2986611814897046, -0.2857515756778524, 0.38642278294599347, -0.8604942548625566, 0.3320046237160048], "cam_t_m2c": [-141.35276648597295, 108.3078753350055, 1847.3377266731684], "obj_id": 18}, {"cam_R_m2c": [0.5328153329292001, -0.4049551241133311, -0.7430472181832668, 0.8451055554754442, 0.29991522208763854, 0.44254656214308363, 0.043639673464459336, -0.8637489259121995, 0.502029254013584], "cam_t_m2c": [-253.57045251752498, -161.38455938055236, 1801.9273144688677], "obj_id": 18}, {"cam_R_m2c": [-0.08352361829529482, -0.3893837733407207, 0.917280808828896, -0.953514229899792, 0.29868566681114667, 0.0399685603967237, -0.28954173890040213, -0.8713019852499606, -0.3962302763974602], "cam_t_m2c": [8.165932182659263, 187.36069161326995, 1805.641038128976], "obj_id": 18}, {"cam_R_m2c": [-0.847922728540391, -0.37936260076880796, -0.37028511118128116, 0.27167765814714756, 0.28882544582778974, -0.9180256597209356, 0.4552123641645599, -0.879013014113161, -0.14183731713271647], "cam_t_m2c": [-66.73415153736887, 265.5651630434032, 1863.9804714189686], "obj_id": 18}, {"cam_R_m2c": [-0.699732461101572, 0.32550822533626117, -0.6359393667002886, 0.5951451243564733, -0.22681928169064944, -0.7709444171975403, -0.39519205942864016, -0.9179310478961756, -0.03501181904411881], "cam_t_m2c": [-304.4655413584374, 95.49269215234365, 1857.514539983001], "obj_id": 18}]}