{"0": [{"cam_R_m2c": [0.9887484396846155, 0.1492973613521459, 0.00931779267969649, -0.06795137741673805, 0.3927819263944453, 0.9171177509492592, 0.13326339926949368, -0.9074319022480067, 0.3985074785433647], "cam_t_m2c": [2.4521677304064258, 265.1098159552289, 1758.9929796878378], "obj_id": 18}, {"cam_R_m2c": [0.5048415608040213, 0.19312411275387, 0.8413311333261634, -0.8260806001257099, 0.390872661516719, 0.4059672463093224, -0.2504512755614154, -0.8999564659462046, 0.3568648472861464], "cam_t_m2c": [-28.436482130370702, 178.26734266125288, 1716.2383843335854], "obj_id": 18}, {"cam_R_m2c": [-0.2374029413242926, 0.185386717002245, 0.953557344345688, -0.8736262491918528, 0.3884734375628255, -0.29302826746286337, -0.42475524819122934, -0.9026184988762181, 0.06973396502234096], "cam_t_m2c": [-14.998355827306819, 450.03853439770916, 1831.7752187650945], "obj_id": 18}, {"cam_R_m2c": [-0.2773175695786719, 0.1685465880333622, -0.9458789635102302, 0.9011619415470978, 0.3870235172668018, -0.1952433166351399, 0.33316980895865395, -0.9065345254240901, -0.2592161913728784], "cam_t_m2c": [-155.4712251504057, 80.01139760743148, 1648.7717541753047], "obj_id": 18}, {"cam_R_m2c": [0.9872503080788255, 0.15431862712478098, 0.03902039039378602, -0.09776215711165304, 0.3943897674976153, 0.91372822678915, 0.1256160423809275, -0.9058931910784338, 0.40444794165822173], "cam_t_m2c": [-47.66291511603039, 21.199953100155952, 1641.841122139426], "obj_id": 18}, {"cam_R_m2c": [0.679853773709253, -0.6419968811710052, 0.3544557113179114, 0.04200468455100261, 0.5166356604235652, 0.8551743689772678, -0.7321437386935181, -0.5665047212683262, 0.37820358000666837], "cam_t_m2c": [119.6004248649608, 248.66856946814613, 1717.759967150008], "obj_id": 18}], "1": [{"cam_R_m2c": [0.9118178735886501, 0.26033667591478526, 0.31751059970307977, -0.3106142524191577, -0.06837247906956825, 0.9480738319356569, 0.26852737631658924, -0.9630939833368141, 0.018521033617060537], "cam_t_m2c": [97.34483485433454, 149.25563824915406, 1740.6427455468056], "obj_id": 18}, {"cam_R_m2c": [0.19946511664266228, 0.30113749707881166, 0.9324858580384662, -0.9690603680105074, -0.08056316118025006, 0.23330576656648672, 0.1453811227440699, -0.9501714510504051, 0.2757508731005732], "cam_t_m2c": [38.912775845814984, 66.73850967809518, 1730.627894018171], "obj_id": 18}, {"cam_R_m2c": [-0.5185754169634936, 0.29301141248694507, 0.8032582706822511, -0.850604274333061, -0.08130927359667171, -0.519481636840706, -0.08690170169556319, -0.9526453252157692, 0.29140174989907586], "cam_t_m2c": [143.04361885657005, 343.37167488198054, 1735.075749189399], "obj_id": 18}, {"cam_R_m2c": [0.04104273677292338, 0.276597832510594, -0.9601089173393437, 0.9966823930187264, -0.0789269684530747, 0.01986810505467092, -0.0702830111882091, -0.9577390950418145, -0.27891956801933315], "cam_t_m2c": [-114.29719921530446, -5.823411844931081, 1690.5620239883472], "obj_id": 18}, {"cam_R_m2c": [0.900432284939857, 0.26562480894560736, 0.34447810011159535, -0.3389482457765747, -0.06791961682583525, 0.9383501547058035, 0.2726459006863817, -0.961681021952926, 0.02887604737103929], "cam_t_m2c": [-32.169771706382456, -92.6413370435532, 1719.6684646840797], "obj_id": 18}, {"cam_R_m2c": [0.6466451478139077, -0.44107725342222737, 0.622335046151292, -0.4651820803713982, 0.41856200681884365, 0.780007358330876, -0.604529309639357, -0.7938870848263391, 0.06547985636962544], "cam_t_m2c": [201.92383589097741, 82.48523778575013, 1723.3471905965482], "obj_id": 18}], "2": [{"cam_R_m2c": [0.9887484396846155, 0.1492973613521459, 0.00931779267969649, -0.06795137741673805, 0.3927819263944453, 0.9171177509492592, 0.13326339926949368, -0.9074319022480067, 0.3985074785433647], "cam_t_m2c": [2.4521677304064258, 265.1098159552289, 1758.9929796878378], "obj_id": 18}, {"cam_R_m2c": [0.5048415608040213, 0.19312411275387, 0.8413311333261634, -0.8260806001257099, 0.390872661516719, 0.4059672463093224, -0.2504512755614154, -0.8999564659462046, 0.3568648472861464], "cam_t_m2c": [-28.436482130370702, 178.26734266125288, 1716.2383843335854], "obj_id": 18}, {"cam_R_m2c": [-0.2374029413242926, 0.185386717002245, 0.953557344345688, -0.8736262491918528, 0.3884734375628255, -0.29302826746286337, -0.42475524819122934, -0.9026184988762181, 0.06973396502234096], "cam_t_m2c": [-14.998355827306819, 450.03853439770916, 1831.7752187650945], "obj_id": 18}, {"cam_R_m2c": [-0.2773175695786719, 0.1685465880333622, -0.9458789635102302, 0.9011619415470978, 0.3870235172668018, -0.1952433166351399, 0.33316980895865395, -0.9065345254240901, -0.2592161913728784], "cam_t_m2c": [-155.4712251504057, 80.01139760743148, 1648.7717541753047], "obj_id": 18}, {"cam_R_m2c": [0.9872503080788255, 0.15431862712478098, 0.03902039039378602, -0.09776215711165304, 0.3943897674976153, 0.91372822678915, 0.1256160423809275, -0.9058931910784338, 0.40444794165822173], "cam_t_m2c": [-47.66291511603039, 21.199953100155952, 1641.841122139426], "obj_id": 18}, {"cam_R_m2c": [0.679853773709253, -0.6419968811710052, 0.3544557113179114, 0.04200468455100261, 0.5166356604235652, 0.8551743689772678, -0.7321437386935181, -0.5665047212683262, 0.37820358000666837], "cam_t_m2c": [119.6004248649608, 248.66856946814613, 1717.759967150008], "obj_id": 18}], "3": [{"cam_R_m2c": [0.9118178735886501, 0.26033667591478526, 0.31751059970307977, -0.3106142524191577, -0.06837247906956825, 0.9480738319356569, 0.26852737631658924, -0.9630939833368141, 0.018521033617060537], "cam_t_m2c": [97.34483485433454, 149.25563824915406, 1740.6427455468056], "obj_id": 18}, {"cam_R_m2c": [0.19946511664266228, 0.30113749707881166, 0.9324858580384662, -0.9690603680105074, -0.08056316118025006, 0.23330576656648672, 0.1453811227440699, -0.9501714510504051, 0.2757508731005732], "cam_t_m2c": [38.912775845814984, 66.73850967809518, 1730.627894018171], "obj_id": 18}, {"cam_R_m2c": [-0.5185754169634936, 0.29301141248694507, 0.8032582706822511, -0.850604274333061, -0.08130927359667171, -0.519481636840706, -0.08690170169556319, -0.9526453252157692, 0.29140174989907586], "cam_t_m2c": [143.04361885657005, 343.37167488198054, 1735.075749189399], "obj_id": 18}, {"cam_R_m2c": [0.04104273677292338, 0.276597832510594, -0.9601089173393437, 0.9966823930187264, -0.0789269684530747, 0.01986810505467092, -0.0702830111882091, -0.9577390950418145, -0.27891956801933315], "cam_t_m2c": [-114.29719921530446, -5.823411844931081, 1690.5620239883472], "obj_id": 18}, {"cam_R_m2c": [0.900432284939857, 0.26562480894560736, 0.34447810011159535, -0.3389482457765747, -0.06791961682583525, 0.9383501547058035, 0.2726459006863817, -0.961681021952926, 0.02887604737103929], "cam_t_m2c": [-32.169771706382456, -92.6413370435532, 1719.6684646840797], "obj_id": 18}, {"cam_R_m2c": [0.6466451478139077, -0.44107725342222737, 0.622335046151292, -0.4651820803713982, 0.41856200681884365, 0.780007358330876, -0.604529309639357, -0.7938870848263391, 0.06547985636962544], "cam_t_m2c": [201.92383589097741, 82.48523778575013, 1723.3471905965482], "obj_id": 18}], "4": [{"cam_R_m2c": [0.9887484396846155, 0.1492973613521459, 0.00931779267969649, -0.06795137741673805, 0.3927819263944453, 0.9171177509492592, 0.13326339926949368, -0.9074319022480067, 0.3985074785433647], "cam_t_m2c": [2.4521677304064258, 265.1098159552289, 1758.9929796878378], "obj_id": 18}, {"cam_R_m2c": [0.5048415608040213, 0.19312411275387, 0.8413311333261634, -0.8260806001257099, 0.390872661516719, 0.4059672463093224, -0.2504512755614154, -0.8999564659462046, 0.3568648472861464], "cam_t_m2c": [-28.436482130370702, 178.26734266125288, 1716.2383843335854], "obj_id": 18}, {"cam_R_m2c": [-0.2374029413242926, 0.185386717002245, 0.953557344345688, -0.8736262491918528, 0.3884734375628255, -0.29302826746286337, -0.42475524819122934, -0.9026184988762181, 0.06973396502234096], "cam_t_m2c": [-14.998355827306819, 450.03853439770916, 1831.7752187650945], "obj_id": 18}, {"cam_R_m2c": [-0.2773175695786719, 0.1685465880333622, -0.9458789635102302, 0.9011619415470978, 0.3870235172668018, -0.1952433166351399, 0.33316980895865395, -0.9065345254240901, -0.2592161913728784], "cam_t_m2c": [-155.4712251504057, 80.01139760743148, 1648.7717541753047], "obj_id": 18}, {"cam_R_m2c": [0.9872503080788255, 0.15431862712478098, 0.03902039039378602, -0.09776215711165304, 0.3943897674976153, 0.91372822678915, 0.1256160423809275, -0.9058931910784338, 0.40444794165822173], "cam_t_m2c": [-47.66291511603039, 21.199953100155952, 1641.841122139426], "obj_id": 18}, {"cam_R_m2c": [0.679853773709253, -0.6419968811710052, 0.3544557113179114, 0.04200468455100261, 0.5166356604235652, 0.8551743689772678, -0.7321437386935181, -0.5665047212683262, 0.37820358000666837], "cam_t_m2c": [119.6004248649608, 248.66856946814613, 1717.759967150008], "obj_id": 18}], "5": [{"cam_R_m2c": [0.9118178735886501, 0.26033667591478526, 0.31751059970307977, -0.3106142524191577, -0.06837247906956825, 0.9480738319356569, 0.26852737631658924, -0.9630939833368141, 0.018521033617060537], "cam_t_m2c": [97.34483485433454, 149.25563824915406, 1740.6427455468056], "obj_id": 18}, {"cam_R_m2c": [0.19946511664266228, 0.30113749707881166, 0.9324858580384662, -0.9690603680105074, -0.08056316118025006, 0.23330576656648672, 0.1453811227440699, -0.9501714510504051, 0.2757508731005732], "cam_t_m2c": [38.912775845814984, 66.73850967809518, 1730.627894018171], "obj_id": 18}, {"cam_R_m2c": [-0.5185754169634936, 0.29301141248694507, 0.8032582706822511, -0.850604274333061, -0.08130927359667171, -0.519481636840706, -0.08690170169556319, -0.9526453252157692, 0.29140174989907586], "cam_t_m2c": [143.04361885657005, 343.37167488198054, 1735.075749189399], "obj_id": 18}, {"cam_R_m2c": [0.04104273677292338, 0.276597832510594, -0.9601089173393437, 0.9966823930187264, -0.0789269684530747, 0.01986810505467092, -0.0702830111882091, -0.9577390950418145, -0.27891956801933315], "cam_t_m2c": [-114.29719921530446, -5.823411844931081, 1690.5620239883472], "obj_id": 18}, {"cam_R_m2c": [0.900432284939857, 0.26562480894560736, 0.34447810011159535, -0.3389482457765747, -0.06791961682583525, 0.9383501547058035, 0.2726459006863817, -0.961681021952926, 0.02887604737103929], "cam_t_m2c": [-32.169771706382456, -92.6413370435532, 1719.6684646840797], "obj_id": 18}, {"cam_R_m2c": [0.6466451478139077, -0.44107725342222737, 0.622335046151292, -0.4651820803713982, 0.41856200681884365, 0.780007358330876, -0.604529309639357, -0.7938870848263391, 0.06547985636962544], "cam_t_m2c": [201.92383589097741, 82.48523778575013, 1723.3471905965482], "obj_id": 18}]}