{"0": [{"cam_R_m2c": [0.9418400249694231, 0.3358959296776813, -0.010549591554626307, -0.0503808787158902, 0.1721640238876426, 0.9837791014488605, 0.3322636551823117, -0.9260310382846221, 0.17907369651706237], "cam_t_m2c": [105.68952268808977, -104.40289192724128, 1707.9939355447261], "obj_id": 18}, {"cam_R_m2c": [0.4932268717407402, 0.3774198811235977, 0.7837611169328951, -0.868937213672119, 0.17136346425377272, 0.4643088264545241, 0.04093136508764684, -0.9100487936713748, 0.4124752425239936], "cam_t_m2c": [78.16453711981472, -198.25918145243782, 1680.4793688655286], "obj_id": 18}, {"cam_R_m2c": [-0.20591866051014698, 0.37017591922960985, 0.9058516965633101, -0.944054340841843, 0.1685340769876223, -0.28347428620688153, -0.2576022298459748, -0.913545874130226, 0.3147618722842924], "cam_t_m2c": [85.98416405816384, 92.52129704049754, 1733.152805857769], "obj_id": 18}, {"cam_R_m2c": [-0.28076335256214574, 0.3542849156084566, -0.8919944733689665, 0.9575639023412724, 0.16647737124708875, -0.23527996579502994, 0.06514074852774794, -0.9201997032736777, -0.385991189254587], "cam_t_m2c": [-39.83836166310085, -307.44886404041296, 1613.4216925379956], "obj_id": 18}, {"cam_R_m2c": [0.9400364075559713, 0.34063458977492755, 0.01730984715522497, -0.08112498141074403, 0.17400640154966704, 0.9813972254493794, 0.3312858163921919, -0.9239533857427503, 0.19120632321593736], "cam_t_m2c": [63.79858621607431, -367.8881981930871, 1640.5495629631816], "obj_id": 18}, {"cam_R_m2c": [0.8039268274856347, -0.495937966694437, 0.32824867300611693, -0.137012706569051, 0.38264141329154827, 0.9136810557200838, -0.5787306625434853, -0.7795069535136432, 0.23966589006729272], "cam_t_m2c": [227.25443292814325, -131.6021629187094, 1694.7137869771632], "obj_id": 18}], "1": [{"cam_R_m2c": [0.8273911094883514, 0.4282051448971682, 0.36340653256874295, -0.2544227421162479, -0.29108351163993, 0.9222469637002407, 0.5006925448559669, -0.8555178255307722, -0.1318947873520593], "cam_t_m2c": [195.42459955444167, -222.78446236840725, 1734.3939304067192], "obj_id": 18}, {"cam_R_m2c": [0.11260036546819627, 0.465161274893138, 0.8780353911583667, -0.9128480891761672, -0.30059768686167254, 0.2763139541350196, 0.3924659631431829, -0.8326259817470824, 0.390774169437658], "cam_t_m2c": [135.11590729466357, -304.51859627762417, 1731.9297279115956], "obj_id": 18}, {"cam_R_m2c": [-0.5424840675859927, 0.4575976785194904, 0.7044965600479082, -0.8400425557089102, -0.3017692050329462, -0.45084793001712165, 0.006288405341044553, -0.8363849101964888, 0.548106510780312], "cam_t_m2c": [252.59906908558762, -35.81204436510531, 1694.7353734303206], "obj_id": 18}, {"cam_R_m2c": [0.11123748053096158, 0.44256461599281904, -0.8898105335894039, 0.9533433283014392, -0.3003722510023701, -0.030216116888191015, -0.2806469818973487, -0.8449337713966695, -0.45532867547651823], "cam_t_m2c": [-12.103519950206895, -382.03187118369084, 1680.3357813650841], "obj_id": 18}, {"cam_R_m2c": [0.8138120686540955, 0.4331614660093921, 0.3874029728434499, -0.2808861612716903, -0.29039805818453845, 0.9147523909329786, 0.5087365583713642, -0.8532526699800785, -0.1146603879036568], "cam_t_m2c": [58.08873577340572, -461.08962343338254, 1743.203662914383], "obj_id": 18}, {"cam_R_m2c": [0.7183746106213688, -0.26276736659584515, 0.6441205104305316, -0.6009183011706377, 0.23209123276208463, 0.7648731002604735, -0.3504784125609421, -0.9365292202917146, 0.00882672501245848], "cam_t_m2c": [297.33086694089855, -293.29651949057643, 1752.7610907766837], "obj_id": 18}], "2": [{"cam_R_m2c": [0.9418400249694231, 0.3358959296776813, -0.010549591554626307, -0.0503808787158902, 0.1721640238876426, 0.9837791014488605, 0.3322636551823117, -0.9260310382846221, 0.17907369651706237], "cam_t_m2c": [105.68952268808977, -104.40289192724128, 1707.9939355447261], "obj_id": 18}, {"cam_R_m2c": [0.4932268717407402, 0.3774198811235977, 0.7837611169328951, -0.868937213672119, 0.17136346425377272, 0.4643088264545241, 0.04093136508764684, -0.9100487936713748, 0.4124752425239936], "cam_t_m2c": [78.16453711981472, -198.25918145243782, 1680.4793688655286], "obj_id": 18}, {"cam_R_m2c": [-0.20591866051014698, 0.37017591922960985, 0.9058516965633101, -0.944054340841843, 0.1685340769876223, -0.28347428620688153, -0.2576022298459748, -0.913545874130226, 0.3147618722842924], "cam_t_m2c": [85.98416405816384, 92.52129704049754, 1733.152805857769], "obj_id": 18}, {"cam_R_m2c": [-0.28076335256214574, 0.3542849156084566, -0.8919944733689665, 0.9575639023412724, 0.16647737124708875, -0.23527996579502994, 0.06514074852774794, -0.9201997032736777, -0.385991189254587], "cam_t_m2c": [-39.83836166310085, -307.44886404041296, 1613.4216925379956], "obj_id": 18}, {"cam_R_m2c": [0.9400364075559713, 0.34063458977492755, 0.01730984715522497, -0.08112498141074403, 0.17400640154966704, 0.9813972254493794, 0.3312858163921919, -0.9239533857427503, 0.19120632321593736], "cam_t_m2c": [63.79858621607431, -367.8881981930871, 1640.5495629631816], "obj_id": 18}, {"cam_R_m2c": [0.8039268274856347, -0.495937966694437, 0.32824867300611693, -0.137012706569051, 0.38264141329154827, 0.9136810557200838, -0.5787306625434853, -0.7795069535136432, 0.23966589006729272], "cam_t_m2c": [227.25443292814325, -131.6021629187094, 1694.7137869771632], "obj_id": 18}], "3": [{"cam_R_m2c": [0.8273911094883514, 0.4282051448971682, 0.36340653256874295, -0.2544227421162479, -0.29108351163993, 0.9222469637002407, 0.5006925448559669, -0.8555178255307722, -0.1318947873520593], "cam_t_m2c": [195.42459955444167, -222.78446236840725, 1734.3939304067192], "obj_id": 18}, {"cam_R_m2c": [0.11260036546819627, 0.465161274893138, 0.8780353911583667, -0.9128480891761672, -0.30059768686167254, 0.2763139541350196, 0.3924659631431829, -0.8326259817470824, 0.390774169437658], "cam_t_m2c": [135.11590729466357, -304.51859627762417, 1731.9297279115956], "obj_id": 18}, {"cam_R_m2c": [-0.5424840675859927, 0.4575976785194904, 0.7044965600479082, -0.8400425557089102, -0.3017692050329462, -0.45084793001712165, 0.006288405341044553, -0.8363849101964888, 0.548106510780312], "cam_t_m2c": [252.59906908558762, -35.81204436510531, 1694.7353734303206], "obj_id": 18}, {"cam_R_m2c": [0.11123748053096158, 0.44256461599281904, -0.8898105335894039, 0.9533433283014392, -0.3003722510023701, -0.030216116888191015, -0.2806469818973487, -0.8449337713966695, -0.45532867547651823], "cam_t_m2c": [-12.103519950206895, -382.03187118369084, 1680.3357813650841], "obj_id": 18}, {"cam_R_m2c": [0.8138120686540955, 0.4331614660093921, 0.3874029728434499, -0.2808861612716903, -0.29039805818453845, 0.9147523909329786, 0.5087365583713642, -0.8532526699800785, -0.1146603879036568], "cam_t_m2c": [58.08873577340572, -461.08962343338254, 1743.203662914383], "obj_id": 18}, {"cam_R_m2c": [0.7183746106213688, -0.26276736659584515, 0.6441205104305316, -0.6009183011706377, 0.23209123276208463, 0.7648731002604735, -0.3504784125609421, -0.9365292202917146, 0.00882672501245848], "cam_t_m2c": [297.33086694089855, -293.29651949057643, 1752.7610907766837], "obj_id": 18}], "4": [{"cam_R_m2c": [0.9418400249694231, 0.3358959296776813, -0.010549591554626307, -0.0503808787158902, 0.1721640238876426, 0.9837791014488605, 0.3322636551823117, -0.9260310382846221, 0.17907369651706237], "cam_t_m2c": [105.68952268808977, -104.40289192724128, 1707.9939355447261], "obj_id": 18}, {"cam_R_m2c": [0.4932268717407402, 0.3774198811235977, 0.7837611169328951, -0.868937213672119, 0.17136346425377272, 0.4643088264545241, 0.04093136508764684, -0.9100487936713748, 0.4124752425239936], "cam_t_m2c": [78.16453711981472, -198.25918145243782, 1680.4793688655286], "obj_id": 18}, {"cam_R_m2c": [-0.20591866051014698, 0.37017591922960985, 0.9058516965633101, -0.944054340841843, 0.1685340769876223, -0.28347428620688153, -0.2576022298459748, -0.913545874130226, 0.3147618722842924], "cam_t_m2c": [85.98416405816384, 92.52129704049754, 1733.152805857769], "obj_id": 18}, {"cam_R_m2c": [-0.28076335256214574, 0.3542849156084566, -0.8919944733689665, 0.9575639023412724, 0.16647737124708875, -0.23527996579502994, 0.06514074852774794, -0.9201997032736777, -0.385991189254587], "cam_t_m2c": [-39.83836166310085, -307.44886404041296, 1613.4216925379956], "obj_id": 18}, {"cam_R_m2c": [0.9400364075559713, 0.34063458977492755, 0.01730984715522497, -0.08112498141074403, 0.17400640154966704, 0.9813972254493794, 0.3312858163921919, -0.9239533857427503, 0.19120632321593736], "cam_t_m2c": [63.79858621607431, -367.8881981930871, 1640.5495629631816], "obj_id": 18}, {"cam_R_m2c": [0.8039268274856347, -0.495937966694437, 0.32824867300611693, -0.137012706569051, 0.38264141329154827, 0.9136810557200838, -0.5787306625434853, -0.7795069535136432, 0.23966589006729272], "cam_t_m2c": [227.25443292814325, -131.6021629187094, 1694.7137869771632], "obj_id": 18}], "5": [{"cam_R_m2c": [0.8273911094883514, 0.4282051448971682, 0.36340653256874295, -0.2544227421162479, -0.29108351163993, 0.9222469637002407, 0.5006925448559669, -0.8555178255307722, -0.1318947873520593], "cam_t_m2c": [195.42459955444167, -222.78446236840725, 1734.3939304067192], "obj_id": 18}, {"cam_R_m2c": [0.11260036546819627, 0.465161274893138, 0.8780353911583667, -0.9128480891761672, -0.30059768686167254, 0.2763139541350196, 0.3924659631431829, -0.8326259817470824, 0.390774169437658], "cam_t_m2c": [135.11590729466357, -304.51859627762417, 1731.9297279115956], "obj_id": 18}, {"cam_R_m2c": [-0.5424840675859927, 0.4575976785194904, 0.7044965600479082, -0.8400425557089102, -0.3017692050329462, -0.45084793001712165, 0.006288405341044553, -0.8363849101964888, 0.548106510780312], "cam_t_m2c": [252.59906908558762, -35.81204436510531, 1694.7353734303206], "obj_id": 18}, {"cam_R_m2c": [0.11123748053096158, 0.44256461599281904, -0.8898105335894039, 0.9533433283014392, -0.3003722510023701, -0.030216116888191015, -0.2806469818973487, -0.8449337713966695, -0.45532867547651823], "cam_t_m2c": [-12.103519950206895, -382.03187118369084, 1680.3357813650841], "obj_id": 18}, {"cam_R_m2c": [0.8138120686540955, 0.4331614660093921, 0.3874029728434499, -0.2808861612716903, -0.29039805818453845, 0.9147523909329786, 0.5087365583713642, -0.8532526699800785, -0.1146603879036568], "cam_t_m2c": [58.08873577340572, -461.08962343338254, 1743.203662914383], "obj_id": 18}, {"cam_R_m2c": [0.7183746106213688, -0.26276736659584515, 0.6441205104305316, -0.6009183011706377, 0.23209123276208463, 0.7648731002604735, -0.3504784125609421, -0.9365292202917146, 0.00882672501245848], "cam_t_m2c": [297.33086694089855, -293.29651949057643, 1752.7610907766837], "obj_id": 18}]}