{"0": [{"cam_R_m2c": [0.9410176527971752, -0.31927932239112855, 0.11201111994352843, -0.05413548513354452, 0.18471025917564057, 0.981300906583848, -0.3339986915022528, -0.9294852520735827, 0.15653127351815926], "cam_t_m2c": [-89.41222914338854, -127.02002856938925, 2000.2186632425255], "obj_id": 18}, {"cam_R_m2c": [0.4025910249382288, -0.2769426536132933, 0.8724810787760732, -0.8690575076912147, 0.1837262933908765, 0.45932961726851684, -0.28750567773614105, -0.9431582131829692, -0.16671253555661694], "cam_t_m2c": [-128.8462804462181, -220.52115736694287, 1995.1026310996233], "obj_id": 18}, {"cam_R_m2c": [-0.3294292854723194, -0.2847970897715131, 0.9002038453063399, -0.9406869216928707, 0.18093860112120455, -0.2870005885672559, -0.08114469210086946, -0.9413563829126568, -0.32751137175704337], "cam_t_m2c": [-87.39151692623894, 69.53794121900346, 2034.29632744305], "obj_id": 18}, {"cam_R_m2c": [-0.1699767084722838, -0.30135534875193337, -0.9382392402415152, 0.9564141599686288, 0.17895944781392983, -0.230749800665773, 0.23744446299516467, -0.9365673863566081, 0.25780158483379295], "cam_t_m2c": [-263.6278637487839, -328.8917267711772, 2015.9244304601843], "obj_id": 18}, {"cam_R_m2c": [0.9387599156936551, -0.31427332945475284, 0.14128727704118438, -0.08486511240569831, 0.18652815732167496, 0.9787773797346397, -0.3339576813547205, -0.9308273310839305, 0.14843431580356142], "cam_t_m2c": [-166.43827051978258, -389.6137764347599, 1971.242588328554], "obj_id": 18}, {"cam_R_m2c": [0.26060631360408903, -0.87261213698495, 0.41307675711626823, -0.12873184668990717, 0.39263306709968443, 0.910641195051794, -0.9568241532915676, -0.29049497860668066, -0.010010315624611356], "cam_t_m2c": [-3.409202704801956, -153.95453333502095, 1913.200263265154], "obj_id": 18}], "1": [{"cam_R_m2c": [0.9562358080239374, -0.20678691214473252, 0.2070078549038676, -0.26048151646601286, -0.27936962570826396, 0.924176385582779, -0.13327587410921782, -0.9376522727444107, -0.3210074082235339], "cam_t_m2c": [-3.946662694094263, -245.67926889281424, 1963.0815998933617], "obj_id": 18}, {"cam_R_m2c": [0.32707266934571316, -0.16372958637427867, 0.9307073068834391, -0.9179112455209285, -0.28916161277334446, 0.27170665597698335, 0.2246384074670559, -0.9431745244805314, -0.24486608911467075], "cam_t_m2c": [-53.045836714499636, -327.4158108483274, 1998.18271230147], "obj_id": 18}, {"cam_R_m2c": [-0.4245922655480199, -0.17198423707170252, 0.8888997861452722, -0.8404336157710581, -0.2902883232088321, -0.4576068473572576, 0.33673839292942487, -0.9413575893322583, -0.02128715740987967], "cam_t_m2c": [17.067728868682597, -58.15536466883309, 1898.3236918607302], "obj_id": 18}, {"cam_R_m2c": [-0.08237566220445364, -0.18903895401561938, -0.9785083156082554, 0.9570722446741053, -0.28878829747967605, -0.02477978149456425, -0.27789740654595024, -0.9385444009157384, 0.20471306328976216], "cam_t_m2c": [-200.58903961216933, -404.3391731607592, 2049.734651607846], "obj_id": 18}, {"cam_R_m2c": [0.9505210914964464, -0.20150282770163114, 0.2364450562437236, -0.28705920827803955, -0.27871089131330223, 0.9164699939789563, -0.11877148291942947, -0.9389977896014581, -0.3227638227952772], "cam_t_m2c": [-107.10177523371081, -484.1772184431693, 2053.667753348387], "obj_id": 18}, {"cam_R_m2c": [0.3338630915500602, -0.7910851252273388, 0.5125619575408701, -0.5956943986198546, 0.24435033095882916, 0.7651412281866004, -0.7305365282466042, -0.5607827029353146, -0.3896654209994606], "cam_t_m2c": [86.31285265515218, -316.3577647544299, 1912.5646705314648], "obj_id": 18}], "2": [{"cam_R_m2c": [0.9410176527971752, -0.31927932239112855, 0.11201111994352843, -0.05413548513354452, 0.18471025917564057, 0.981300906583848, -0.3339986915022528, -0.9294852520735827, 0.15653127351815926], "cam_t_m2c": [-89.41222914338854, -127.02002856938925, 2000.2186632425255], "obj_id": 18}, {"cam_R_m2c": [0.4025910249382288, -0.2769426536132933, 0.8724810787760732, -0.8690575076912147, 0.1837262933908765, 0.45932961726851684, -0.28750567773614105, -0.9431582131829692, -0.16671253555661694], "cam_t_m2c": [-128.8462804462181, -220.52115736694287, 1995.1026310996233], "obj_id": 18}, {"cam_R_m2c": [-0.3294292854723194, -0.2847970897715131, 0.9002038453063399, -0.9406869216928707, 0.18093860112120455, -0.2870005885672559, -0.08114469210086946, -0.9413563829126568, -0.32751137175704337], "cam_t_m2c": [-87.39151692623894, 69.53794121900346, 2034.29632744305], "obj_id": 18}, {"cam_R_m2c": [-0.1699767084722838, -0.30135534875193337, -0.9382392402415152, 0.9564141599686288, 0.17895944781392983, -0.230749800665773, 0.23744446299516467, -0.9365673863566081, 0.25780158483379295], "cam_t_m2c": [-263.6278637487839, -328.8917267711772, 2015.9244304601843], "obj_id": 18}, {"cam_R_m2c": [0.9387599156936551, -0.31427332945475284, 0.14128727704118438, -0.08486511240569831, 0.18652815732167496, 0.9787773797346397, -0.3339576813547205, -0.9308273310839305, 0.14843431580356142], "cam_t_m2c": [-166.43827051978258, -389.6137764347599, 1971.242588328554], "obj_id": 18}, {"cam_R_m2c": [0.26060631360408903, -0.87261213698495, 0.41307675711626823, -0.12873184668990717, 0.39263306709968443, 0.910641195051794, -0.9568241532915676, -0.29049497860668066, -0.010010315624611356], "cam_t_m2c": [-3.409202704801956, -153.95453333502095, 1913.200263265154], "obj_id": 18}], "3": [{"cam_R_m2c": [0.9562358080239374, -0.20678691214473252, 0.2070078549038676, -0.26048151646601286, -0.27936962570826396, 0.924176385582779, -0.13327587410921782, -0.9376522727444107, -0.3210074082235339], "cam_t_m2c": [-3.946662694094263, -245.67926889281424, 1963.0815998933617], "obj_id": 18}, {"cam_R_m2c": [0.32707266934571316, -0.16372958637427867, 0.9307073068834391, -0.9179112455209285, -0.28916161277334446, 0.27170665597698335, 0.2246384074670559, -0.9431745244805314, -0.24486608911467075], "cam_t_m2c": [-53.045836714499636, -327.4158108483274, 1998.18271230147], "obj_id": 18}, {"cam_R_m2c": [-0.4245922655480199, -0.17198423707170252, 0.8888997861452722, -0.8404336157710581, -0.2902883232088321, -0.4576068473572576, 0.33673839292942487, -0.9413575893322583, -0.02128715740987967], "cam_t_m2c": [17.067728868682597, -58.15536466883309, 1898.3236918607302], "obj_id": 18}, {"cam_R_m2c": [-0.08237566220445364, -0.18903895401561938, -0.9785083156082554, 0.9570722446741053, -0.28878829747967605, -0.02477978149456425, -0.27789740654595024, -0.9385444009157384, 0.20471306328976216], "cam_t_m2c": [-200.58903961216933, -404.3391731607592, 2049.734651607846], "obj_id": 18}, {"cam_R_m2c": [0.9505210914964464, -0.20150282770163114, 0.2364450562437236, -0.28705920827803955, -0.27871089131330223, 0.9164699939789563, -0.11877148291942947, -0.9389977896014581, -0.3227638227952772], "cam_t_m2c": [-107.10177523371081, -484.1772184431693, 2053.667753348387], "obj_id": 18}, {"cam_R_m2c": [0.3338630915500602, -0.7910851252273388, 0.5125619575408701, -0.5956943986198546, 0.24435033095882916, 0.7651412281866004, -0.7305365282466042, -0.5607827029353146, -0.3896654209994606], "cam_t_m2c": [86.31285265515218, -316.3577647544299, 1912.5646705314648], "obj_id": 18}], "4": [{"cam_R_m2c": [0.9410176527971752, -0.31927932239112855, 0.11201111994352843, -0.05413548513354452, 0.18471025917564057, 0.981300906583848, -0.3339986915022528, -0.9294852520735827, 0.15653127351815926], "cam_t_m2c": [-89.41222914338854, -127.02002856938925, 2000.2186632425255], "obj_id": 18}, {"cam_R_m2c": [0.4025910249382288, -0.2769426536132933, 0.8724810787760732, -0.8690575076912147, 0.1837262933908765, 0.45932961726851684, -0.28750567773614105, -0.9431582131829692, -0.16671253555661694], "cam_t_m2c": [-128.8462804462181, -220.52115736694287, 1995.1026310996233], "obj_id": 18}, {"cam_R_m2c": [-0.3294292854723194, -0.2847970897715131, 0.9002038453063399, -0.9406869216928707, 0.18093860112120455, -0.2870005885672559, -0.08114469210086946, -0.9413563829126568, -0.32751137175704337], "cam_t_m2c": [-87.39151692623894, 69.53794121900346, 2034.29632744305], "obj_id": 18}, {"cam_R_m2c": [-0.1699767084722838, -0.30135534875193337, -0.9382392402415152, 0.9564141599686288, 0.17895944781392983, -0.230749800665773, 0.23744446299516467, -0.9365673863566081, 0.25780158483379295], "cam_t_m2c": [-263.6278637487839, -328.8917267711772, 2015.9244304601843], "obj_id": 18}, {"cam_R_m2c": [0.9387599156936551, -0.31427332945475284, 0.14128727704118438, -0.08486511240569831, 0.18652815732167496, 0.9787773797346397, -0.3339576813547205, -0.9308273310839305, 0.14843431580356142], "cam_t_m2c": [-166.43827051978258, -389.6137764347599, 1971.242588328554], "obj_id": 18}, {"cam_R_m2c": [0.26060631360408903, -0.87261213698495, 0.41307675711626823, -0.12873184668990717, 0.39263306709968443, 0.910641195051794, -0.9568241532915676, -0.29049497860668066, -0.010010315624611356], "cam_t_m2c": [-3.409202704801956, -153.95453333502095, 1913.200263265154], "obj_id": 18}], "5": [{"cam_R_m2c": [0.9562358080239374, -0.20678691214473252, 0.2070078549038676, -0.26048151646601286, -0.27936962570826396, 0.924176385582779, -0.13327587410921782, -0.9376522727444107, -0.3210074082235339], "cam_t_m2c": [-3.946662694094263, -245.67926889281424, 1963.0815998933617], "obj_id": 18}, {"cam_R_m2c": [0.32707266934571316, -0.16372958637427867, 0.9307073068834391, -0.9179112455209285, -0.28916161277334446, 0.27170665597698335, 0.2246384074670559, -0.9431745244805314, -0.24486608911467075], "cam_t_m2c": [-53.045836714499636, -327.4158108483274, 1998.18271230147], "obj_id": 18}, {"cam_R_m2c": [-0.4245922655480199, -0.17198423707170252, 0.8888997861452722, -0.8404336157710581, -0.2902883232088321, -0.4576068473572576, 0.33673839292942487, -0.9413575893322583, -0.02128715740987967], "cam_t_m2c": [17.067728868682597, -58.15536466883309, 1898.3236918607302], "obj_id": 18}, {"cam_R_m2c": [-0.08237566220445364, -0.18903895401561938, -0.9785083156082554, 0.9570722446741053, -0.28878829747967605, -0.02477978149456425, -0.27789740654595024, -0.9385444009157384, 0.20471306328976216], "cam_t_m2c": [-200.58903961216933, -404.3391731607592, 2049.734651607846], "obj_id": 18}, {"cam_R_m2c": [0.9505210914964464, -0.20150282770163114, 0.2364450562437236, -0.28705920827803955, -0.27871089131330223, 0.9164699939789563, -0.11877148291942947, -0.9389977896014581, -0.3227638227952772], "cam_t_m2c": [-107.10177523371081, -484.1772184431693, 2053.667753348387], "obj_id": 18}, {"cam_R_m2c": [0.3338630915500602, -0.7910851252273388, 0.5125619575408701, -0.5956943986198546, 0.24435033095882916, 0.7651412281866004, -0.7305365282466042, -0.5607827029353146, -0.3896654209994606], "cam_t_m2c": [86.31285265515218, -316.3577647544299, 1912.5646705314648], "obj_id": 18}]}